$ 1 0.000005 10.20027730826997 50 5 50 5e-11
x 27 41 263 44 4 24 Izzy\sBledsoe\s10/10/22
x 56 117 106 120 4 24 NOT
L 128 160 96 160 0 1 false 5 0
w 128 160 192 160 0
151 192 176 304 176 0 2 0 5
M 304 176 368 176 0 2.5
w 192 160 192 192 0
x 57 306 107 309 4 24 AND
151 112 368 192 368 0 2 0 5
151 192 384 288 384 0 2 5 5
L 112 352 48 352 0 1 false 5 0
M 288 384 368 384 0 2.5
L 112 384 48 384 0 1 false 5 0
w 192 368 192 400 0
x 52 502 88 505 4 24 OR
151 128 560 208 560 0 2 5 5
151 272 608 352 608 0 2 0 5
L 128 544 64 544 0 0 false 5 0
L 128 672 64 672 0 0 false 5 0
151 128 656 224 656 0 2 5 5
w 128 544 128 576 0
w 128 640 128 672 0
w 208 560 272 592 0
w 224 656 272 624 0
M 352 608 464 608 0 2.5
x 549 111 601 114 4 24 XOR
151 784 160 880 160 0 2 5 5
151 784 256 880 256 0 2 5 5
L 624 272 544 272 0 0 false 5 0
L 624 144 544 144 0 0 false 5 0
151 944 208 1024 208 0 2 0 5
w 880 160 944 192 0
w 880 256 944 224 0
151 624 208 720 208 0 2 5 5
w 784 176 720 208 0
w 720 208 784 240 0
M 1024 208 1136 208 0 2.5
x 555 401 608 404 4 24 NOR
151 624 480 704 480 0 2 5 5
151 624 592 704 592 0 2 5 5
151 752 528 848 528 0 2 0 5
w 704 480 752 512 0
w 704 592 752 544 0
w 624 464 624 496 0
w 624 576 624 608 0
L 624 464 528 464 0 0 false 5 0
L 624 576 528 576 0 0 false 5 0
151 848 544 960 544 0 2 5 5
M 960 544 1072 544 0 2.5
w 848 528 848 560 0
w 624 272 784 272 0
w 624 144 784 144 0
w 624 192 624 144 0
w 624 224 624 272 0
